24711
17733
10252
21138
1424
26321
28311
354
12777
1424
600
7820
19614
22764
19707
5941
9787
1231
26435
22306
10031
17209
18652
14487
21537
2253
16531
15310
27804
17480
27001
17547
16365
13202
19064
10066
8673
9951
29524
2611
8370
28001
27129
22983
16201
29462
29455
14533
26766
18130
3823
26323
22856
19599
26610
22168
447
14550
6953
24025
7110
28667
8035
12101
16078
21371
27904
27251
22774
25217
19727
504
12328
1356
10014
60
823
240
19791
7270
13153
13012
13672
6486
2885
12380
28579
26706
1070
9812
21517
11637
10283
25327
2682
1474
2197
27585
14610
18575
214
27083
8722
22470
18529
27334
16058
2113
4670
13641
13890
4214
14148
1204
6132
22187
23924
8112
29499
26611
26734
26424
19286
23282
21990
18263
1847
16121
2576
6039
3325
18354
26581
8603
18574
22619
16186
12753
21230
2768
6975
8596
22857
28683
16440
23034
26381
19286
25529
8600
14073
14552
6002
6185
318
28924
20454
5091
14358
5717
12828
29443
5524
5446
117
1931
10713
3853
4241
7464
19143
8542
19281
3684
24661
19508
2393
27204
5129
12465
15449
21256
3699
16194
23020
20693
3880
22981
8287
12208
26580
17199
3146
8977
6511
21924
12093
27462
208
11667
11174
29247
15466
11287
1068
14870
8082
13138
9255
15682
680
10603
782
2474
13775
22511
17623
15201
11565
29657
6400
13929
17895
2381
2023
25304
10659
9318
21976
2333
26124
3804
9967
2921
16965
13295
19336
2497
16216
16720
12524
15764
28924
14695
20434
1758
9455
20992
20130
20054
7575
23908
8045
29594
18519
17730
19002
12331
4461
11761
22836
8386
7191
26744
5397
23211
23917
10524
21164
18318
15877
24074
5736
9143
11406
24058
2463
1351
12519
17604
9312
15235
6484
14606
5631
25013
5229
20521
23138
18816
13846
22307
26988
3078
23591
3752
25131
80
25970
5123
6647
9367
13165
16268
23118
10744
1285
1726
24665
20490
9640
29630
18456
11677
4747
1370
21734
406
9943
1431
19202
5334
26518
22962
17566
27297
16114
16921
16974
23648
20713
7171
5676
630
20341
856
10800
21418
14359
27623
26801
25908
18450
480
3035
17510
12411
26122
2495
22651
19424
19705
5761
2575
18105
26028
3026
25458
15730
21279
22697
6506
21341
26059
17037
25938
20268
29722
20820
12926
209
9329
16218
27554
5931
24390
25904
22306
7794
8009
12258
7599
16828
9227
23066
23199
22120
29901
22476
7734
15738
1257
8936
3193
20690
16758
614
10770
28481
2956
5196
2544
23820
16188
881
10855
1176
1693
18768
13225
20970
4427
21151
29234
28089
26248
4297
24049
28118
5774
2475
23653
21366
18889
677
24418
28098
11760
20292
23944
8364
28245
18541
22361
17311
7944
23167
7611
12578
27048
8783
24990
1549
8205
11962
21472
25940
4158
21521
27277
19760
9267
11782
13859
9955
24448
18377
6701
11951
2987
7056
7849
27331
11141
5669
20920
4974
3676
16032
25600
6530
20777
26837
3270
24732
3295
22519
19687
25240
17660
7940
9698
14237
25598
11718
14569
16551
27193
18931
16184
28693
25118
22247
20381
13769
25515
15552
5845
13764
13169
4770
12443
11457
15672
9849
24245
288
27773
4672
9274
11736
9332
10256
19023
18002
24872
29924
17296
16160
21606
23170
9797
10204
10748
18290
29318
17168
8384
26555
4090
12340
3551
28413
3245
27860
12806
12605
11651
10091
17264
15285
4084
3808
28047
25264
19566
27517
1570
26980
15105
23003
2493
15462
18978
18090
29335
21050
9936
651
29337
26241
8404
7844
11344
4721
6022
23449
10333
24
5211
7787
15973
17382
3409
29479
7152
7356
9474
23272
23582
21526
26089
21917
9390
4010
2393
19309
493
23955
19189
5678
10957
3059
15292
26354
19951
28203
21691
15090
19830
11447
19347
11321
15093
20422
14230
14195
23807
2913
18289
9573
13291
15248
4860
22709
7651
9364
14037
19306
5463
1510
10404
13549
13979
9182
21217
1881
25277
4597
13277
3942
11760
18604
14400
21530
6733
25285
24838
6258
11172
26282
23494
7265
16053
20479
5691
10210
26022
20785
483
11517
13460
14271
22842
875
22238
797
6746
18191
27862
8044
696
6826
23409
10146
26649
24176
2991
15503
7094
11778
5613
21528
18679
6159
2137
16054
6677
18496
15434
26353
9922
18837
6286
9648
9974
21665
19625
19309
6739
14617
24593
8271
14560
13594
18370
20826
22475
6363
10317
25933
17627
8145
8521
9767
21591
5820
29123
13877
5051
4570
6924
8590
28489
27417
292
4002
21670
28510
6129
23246
18946
12618
5694
15172
2519
10248
4947
15346
23200
2908
23724
21714
27626
1866
1093
13058
24456
2322
20228
5938
22130
995
28763
28350
28880
3631
11130
8462
1899
2912
5733
102
24663
2720
6445
14780
18272
24435
23593
21357
22326
2454
2989
21251
29861
24327
4506
18401
4068
28426
17020
22536
22917
8274
14556
14098
23950
22978
26808
12951
29811
5832
29212
11273
21366
14727
23865
17063
29576
1492
27736
14211
30
26511
17736
23587
7445
16800
27797
8140
13008
10466
17324
6534
22902
894
24114
23544
275
16875
25846
6917
14459
19477
8925
2792
9562
20981
1849
21794
255
20910
21737
3835
14529
25983
11075
16579
24807
28481
1799
21225
25264
1851
10169
24420
901
521
17805
19137
6001
23338
2857
8296
25197
13814
29184
18460
18639
15228
5127
22623
18758
24308
9049
25928
4568
7676
2366
20669
19976
29226
22923
28344
14850
3655
15734
1664
13088
8265
20392
4497
19225
25642
23322
15283
25169
919
15593
475
14787
14039
319
22760
20248
23800
8081
9960
14453
9445
2313
2488
7178
21509
18683
4910
22412
18516
20405
3119
6927
23706
10830
21174
5384
29958
3484
19758
25879
11128
2571
3580
19940
3961
4724
26351
1561
19741
15981
25010
21869
11568
17608
5247
22672
15957
3593
25181
1920
21179
6675
28677
12289
14349
907
20941
25102
28282
28048
22643
11337
24376
15722
11231
7788
4587
3496
6659
6494
16660
20929
16250
8925
11891
25159
19036
11661
22925
5792
26198
28806
21162
25371
9165
19170
24915
10565
18701
26633
29899
8815
14167
12909
6417
11313
4648
22244
12393
22158
59
5475
7007
4474
14084
21681
4857
6154
28243
5340
2051
10603
13888
7096
261
29270
7579
12652
24254
19882
28284
2166
3391
14413
19217
13999
28474
19322
15771
9142
9
5836
16769
27851
2846
24320
2468
16164
23052
14251
6404
13632
20743
6347
24420
7878
25427
2258
5124
18311
19560
1991
18314
14732
12950
27939
16314
28795
22935
681
7417
12644
28137
7340
21405
21606
17361
13828
8194
5104
23693
18071
3658
10908
19925
18261
11055
23568
646
10710
15070
5627
20744
18167
17112
21499
27227
4516
4372
3949
10105
25881
29268
28443
14610
28250
12737
6346
7757
26427
17884
13006
1210
8301
16861
16767
622
22824
9
813
16077
18682
14507
14176
8776
5128
17077
12138
4790
22765
27270
12188
20862
28142
13833
12836
26126
26607
3668
19786
10585
11785
28961
14879
12570
23757
26831
12200
22981
20550
14183
10219
4759
16344
20638
13521
26094
7023
14132
16480
14540
2713
9720
14851
3347
8249
18561
29783
29645
9960
16436
27937
8970
24981
11766
28506
14422
16746
9404
15421
11364
17876
24175
22261
19647
19419
450
15046
4722
23065
7931
26172
8236
15466
28225
6423
19100
28104
24182
13397
413
17738
21389
28425
26866
9316
1443
29197
15850
17633
15542
18545
27498
28350
11639
19687
15942
27557
18786
13608
11449
5790
10957
28183
12242
12885
13676
15218
15637
3304
8471
23199
20449
26295
26082
26572
4950
9906
15066
10906
7939
16695
27496
2761
29663
7058
20308
28683
10090
25557
14033
28045
20898
638
15473
12746
26921
8553
24348
16339
10847
25031
26937
6693
21567
26425
11405
11455
4060
18766
13292
7720
21050
12642
18582
17140
27320
26018
4829
25346
9535
5423
14704
24277
3152
20602
3408
7121
26548
26945
16364
22129
15130
17185
21747
4292
7815
17666
19479
13438
22525
2541
3997
9108
23799
27207
3637
27746
7292
26303
6071
17093
5027
23495
3294
15877
26571
1090
11452
14232
11151
3593
24362
4312
14704
13836
24669
15117
7387
25053
14334
29645
6889
12497
16328
25012
11034
22624
1328
1820
29493
12804
13553
10674
19447
23168
22643
12726
27683
25996
16128
19556
8070
11884
3467
24952
6091
3906
20507
14956
12308
20359
2158
14507
29890
18711
14585
2419
8902
16788
18350
6917
6698
13466
15949
17358
25182
5236
12685
14986
22289
4406
3160
8721
11247
6282
19281
21766
20022
7626
16646
29729
18569
26081
14317
9768
3849
22959
8065
25776
1720
12687
19822
25958
7603
47
3917
10059
17361
295
5581
23752
22392
530
10542
6930
14173
22581
12220
3907
29898
16497
18962
2730
17534
24428
27158
15925
12837
28808
5357
15622
21388
28276
26421
10741
28531
17002
16992
1538
25262
2325
13026
1186
29309
20506
25975
8771
21867
19070
26785
14420
20899
11221
8165
9412
4087
11499
28641
458
11295
28434
17323
26913
1587
16374
21759
2831
25233
11215
4204
28361
3297
16599
19538
28046
3235
21285
2065
28189
24304
19240
9381
13314
29623
4832
14736
29188
9649
8371
15228
28419
14650
3650
11341
18288
22394
19700
23712
20994
23653
3182
16386
14029
27398
17748
28431
13045
22535
25561
19913
23860
22030
10675
17044
2675
21361
17657
24970
6341
5708
7994
12180
19721
16263
21118
1277
23249
16509
23321
16638
14634
8420
3500
20437
14098
22596
26152
12205
22097
6098
1914
21073
20498
23968
7770
11547
15606
29594
3869
5852
18911
4756
9400
10844
23950
5091
9436
3492
27420
7729
3122
1383
18816
5806
19743
6444
29853
21286
6845
23191
28985
6776
2178
15883
20323
10000
13711
28254
11340
28671
28917
15265
17715
3409
23737
29020
14888
8296
29119
10642
10434
29439
21038
4396
16253
12937
20026
22062
4190
29317
13103
11126
5286
8469
16307
8480
10587
28806
27734
1285
10165
4111
442
25633
21153
6044
4626
5042
16064
12899
7194
11069
3865
19464
2996
17265
18065
1376
26145
10079
21021
2598
1404
6725
28099
14644
8122
11575
16628
26837
29253
2851
5050
27312
12552
8661
14009
18058
5729
18859
27968
2094
7142
7042
22768
2578
15062
16930
19666
29376
25000
5000
23631
28903
4866
23992
3241
27744
16812
26756
15744
17172
27130
16814
26725
16542
9957
10096
17506
27898
24488
25718
25122
25514
21638
9950
27229
4338
1607
4003
29408
6686
11691
14084
28672
1718
20771
4232
28838
24482
25745
12140
2086
313
14113
26254
14038
26788
8212
17055
20111
15240
24208
28451
1681
2926
29237
2813
10920
3294
20416
9610
8710
12459
21885
4079
3615
19645
14754
29632
8500
25124
18439
2855
18889
6635
25871
27984
850
10033
3898
16884
21534
2747
17214
8649
11314
1371
431
11810
27415
12911
15565
20224
9645
15
9108
29541
29899
21524
17945
14195
11822
14145
11965
21221
29210
7046
14287
19230
7879
11639
5785
13495
17475
8854
29432
17097
8359
27557
15576
3220
16079
7485
11592
11616
16540
7409
10429
23371
13786
10751
10184
23693
27307
786
4414
25912
20597
6761
29192
1095
15783
18519
3718
4143
17563
18168
16297
28509
21272
9257
27869
7348
26978
29839
8788
19799
15971
29075
3519
28918
18424
27494
22960
12042
20619
605
1679
28451
11802
27702
27624
19412
18793
27847
25391
1040
6914
3814
22044
126
12276
7339
6835
11137
14726
22466
15528
23919
10331
23038
16331
25667
9169
4916
2062
1085
12579
21900
23718
9969
14245
28485
2442
28076
7140
16029
29006
19685
26631
5864
12995
27738
19955
26989
3522
20555
2576
6168
26263
15435
24365
13899
13500
12723
2800
6900
12537
6272
11360
22257
13929
168
4970
18877
9243
14729
15398
7731
19800
19623
14371
5559
6726
11179
27481
20051
4532
20482
18609
26546
26447
27673
6613
25697
11066
10413
15129
16098
18107
3928
17704
12145
18745
10482
26894
20689
11045
1804
11967
22786
24106
2145
7461
6620
25110
12570
28369
26771
16183
27718
7608
25348
20336
21826
4454
21555
26275
27624
10035
25455
22348
29266
1622
10576
20579
29759
24558
18938
28417
26406
11116
24531
3357
6174
27706
6055
2836
11807
15496
14735
27565
27775
5123
29137
29164
20380
2523
11997
2777
20634
28106
11219
16963
1742
10465
15663
28649
9457
11390
8429
29251
13050
2633
13084
20569
24009
10192
19859
22024
13677
3314
16303
1360
24237
3882
24033
23367
15581
17414
20260
15833
18834
1335
22492
4305
11374
294
6315
19517
21484
14856
839
10635
4281
1662
24040
1684
24056
1067
20060
10977
25944
27012
23523
12121
11413
7873
8129
4380
24456
2327
25071
16281
22784
22168
10963
26967
15633
14093
19688
7104
20566
23696
12052
22948
11119
12652
11902
25374
25399
4286
18375
6024
12110
29833
22617
9970
12472
6017
22092
3252
3175
19112
7299
15787
21428
12401
12123
24415
5106
19387
1337
19220
16310
7715
12524
15420
1712
2934
20684
19297
1158
5518
1153
29908
4023
28819
25492
22953
14186
9269
10394
8239
9586
2369
12408
2501
26033
17268
26917
27235
11917
29750
13260
9529
7808
18947
25628
29124
19732
2020
7084
10434
13220
16177
14861
25845
28085
14289
1918
27396
9634
12438
14163
19779
5410
17992
7257
22909
23564
9709
14354
18472
20610
12219
16878
6018
29940
20783
26335
1518
5124
19764
10805
23983
23673
5825
20905
1031
16253
7482
5752
935
7547
18590
14121
6543
21838
28997
17078
25079
14496
4981
74
14031
29854
6270
24878
24115
8075
27932
27847
9617
29895
26146
28069
21119
21813
17247
4929
25800
3515
3937
17334
18956
19035
24498
174
7052
19172
13543
28340
29250
28928
21007
18935
24675
17200
22087
17253
4559
16365
26639
4522
22210
29636
4624
12710
27889
2208
5163
20932
23136
18773
20330
28327
7399
14639
27244
26857
25790
23359
8526
22421
7904
29364
23606
24774
26603
25744
14153
1536
9590
14026
667
12872
862
10177
8558
20578
9655
15914
23797
17903
24728
8275
12326
2234
4614
16868
13844
11534
20433
468
2136
18820
26100
19700
2232
4755
9234
17903
13056
9169
1905
22365
12388
10254
5159
18366
19311
10447
18184
15987
832
12253
9837
6832
9018
20176
13789
13897
27299
17295
17339
25988
17762
22677
5016
23930
23234
13415
363
25772
19970
10492
15919
1487
25712
29876
11261
21959
15766
25094
15283
18319
15728
15196
12342
2880
10489
7027
10425
14573
20344
17810
23541
446
17868
22189
9202
23181
185
21773
23107
5117
25874
281
19554
25494
17501
28232
28300
11973
14617
6985
27399
29266
3236
18682
14586
24613
13083
26968
8397
27849
4292
12367
24170
17805
10062
7221
13665
8276
13257
8391
114
23702
22782
2500
13357
13290
15144
16828
5902
15647
6386
29227
16893
8253
29930
776
2354
26982
17433
14084
12676
28482
28536
2025
22719
13219
10608
19495
5190
9464
18959
22897
24299
25325
18842
882
602
27638
9766
5960
26217
28885
7852
12644
17183
19216
22977
12385
5564
22131
22325
12980
11977
18352
2997
12977
14321
5632
14198
23592
14644
9014
25394
7433
24306
8268
23428
20518
11997
27436
12904
21957
14346
4122
3286
17470
11434
2700
27209
21827
27573
603
18928
5794
15642
3379
23559
8491
10701
25568
169
26159
20229
27704
22465
26238
16349
9352
12002
5639
19194
28673
12611
3857
9464
12426
1752
11232
11676
14432
46
198
25034
10964
25538
9837
25475
2375
20629
29239
23794
3251
10764
12293
26335
21620
23609
24205
27886
11999
10896
25742
544
16433
12621
28689
6904
25616
24321
151
5128
906
17778
6795
10358
1384
22195
14075
28299
8493
24967
27241
10049
12982
23955
13516
24285
15916
27063
12754
8055
10572
12611
11247
3880
3779
22139
26271
2407
2408
1259
17525
24245
16772
9368
21747
10732
25611
12713
18898
19534
17057
870
21353
10995
13763
20360
26987
18704
1357
19578
6625
29614
7743
7646
2305
4979
26057
14541
6412
14508
5093
17435
13644
11254
17411
2115
5860
16502
4021
15900
11688
15139
698
26648
20371
2770
24178
24555
9310
194
22849
18573
4686
16687
2788
13137
29855
1030
29137
17673
25697
17807
16002
2520
21807
26810
24223
24572
27258
11223
29566
12401
19387
27507
18802
23974
65
7078
5857
21851
15752
29707
24415
28836
28600
29509
12329
25793
5254
25979
22249
21536
9038
18410
25680
23810
2942
3797
14118
16352
5728
13076
18281
4386
21606
2484
15748
26610
25406
5631
24732
18875
16844
21662
7544
27431
7529
19925
4894
15107
15005
19003
1143
24944
17484
3853
3302
12249
17279
12714
12586
21136
24436
3052
28423
5494
29616
19894
13583
24887
6000
27279
28711
22739
27839
11586
21361
2393
14539
2455
16924
2090
20559
13965
18495
25094
26420
8849
21906
6094
305
9514
4460
5825
13722
22618
3289
23364
12765
4460
11951
8734
11411
10543
7049
7513
28817
29373
8724
2814
2313
2610
28259
7287
2956
11751
18091
10504
26814
905
6591
11465
7637
27225
15493
19712
10617
28717
17298
17929
12817
11407
21623
25424
23264
1371
7088
10444
21871
28242
27431
11083
2981
17576
13211
14141
29951
11350
8198
13571
19011
10825
5680
27409
17146
16067
4378
6800
10989
14700
2358
3234
11333
936
22242
14477
25758
9551
1440
11018
6013
4085
7069
23653
1811
7743
10580
28409
21760
26341
28920
21271
7784
12462
27985
28290
13329
5853
24699
2717
23690
29213
23097
13104
7697
21744
8901
25676
27471
14554
28285
6461
18928
9426
7888
26829
24725
4973
29900
13583
16218
27558
12690
12818
24615
14175
25146
3796
20163
13867
25592
15324
10683
12292
25431
23572
15017
733
2782
9724
11373
22693
8747
7969
9475
22916
6446
21796
11704
11180
10293
3227
27745
26
21158
5189
10428
2567
19167
8542
29199
6503
5233
15528
9103
5249
7632
4525
7740
21642
15551
12380
7840
7075
23393
2177
4141
20096
21312
7489
21209
24222
18056
29569
7120
10104
21180
29331
2626
4958
14680
16927
6839
6741
29331
19937
25829
9105
19147
29077
13854
12119
13392
17429
1568
3906
10395
6408
11284
5965
1048
2567
20894
22569
12431
20242
23066
7592
8691
24153
2523
13599
26027
26926
14149
24953
26208
17494
15159
25270
10662
1139
7585
6174
9950
18709
27552
3755
7642
6723
20718
20192
16251
28730
28090
3083
22417
16791
27750
3030
17505
18072
4083
15295
4163
26289
14740
15798
15446
22185
20807
13676
21478
13442
1290
19115
15197
16007
3185
1145
535
26413
2821
23896
25903
11282
24981
11145
22362
15413
21316
12865
3370
13804
23718
10781
14336
3064
3409
5552
12758
10273
14170
19050
18827
26313
1984
1
14593
27253
14209
23609
29540
10963
23741
17631
16973
11484
27170
20055
4391
610
25977
28635
22853
5891
19986
21199
5180
6634
1865
28142
7454
10224
4674
6375
8211
22635
15748
22314
28497
20
5215
6638
8405
13657
27561
19864
18705
9250
12242
13493
25932
1565
15856
7084
17287
13829
29968
5500
10228
10114
10366
19773
11847
28917
25975
451
1908
3915
2861
1721
4527
18700
13655
20229
14946
18171
27898
3240
22045
20309
20069
7078
28136
21556
6797
5291
20646
27380
29336
5823
19393
11251
25326
2611
9377
20377
2320
20198
27481
8531
17062
26823
1698
28689
21994
19435
17900
14569
12376
4693
26938
10967
9694
13940
670
21984
9899
15549
24568
4954
2090
3159
11901
14332
6276
1975
8363
21564
14650
28077
23796
23208
4008
16631
23954
723
2723
19319
26919
23678
25837
11961
12500
440
28876
15641
20788
199
20234
1466
6260
10939
27874
25446
27723
27476
20530
25957
11303
3927
19219
11069
29035
24016
7782
27058
24377
1260
5276
6469
24206
4491
24522
20696
19728
862
8073
21183
16794
4939
25425
3460
1262
17481
18894
14497
28367
11595
20756
22970
2878
23425
12633
28873
29421
21685
6212
14641
29872
25210
7596
17139
2555
28181
23249
16820
19162
3698
5951
10419
23411
16721
29585
15206
27496
4806
28235
16166
19182
28960
4098
23527
28506
4633
18722
5947
20041
29906
7763
6401
8550
5815
23969
14367
3546
28147
6179
4319
4382
680
11120
17186
5798
1617
27960
12343
23495
8628
26352
10308
16319
15860
26392
21230
18875
4028
7367
21022
7965
14649
17009
21483
150
9489
19213
7286
5380
23506
2110
8162
16223
17161
2945
9352
28294
2488
18581
4583
12924
17153
14878
16919
26980
4610
29839
10625
16958
9103
23616
16079
23353
20319
14720
1346
16684
2385
13322
2084
14978
14043
25937
1489
14433
28614
18128
1517
22718
23389
2967
20983
29017
3119
4598
7434
10878
18072
27023
22327
11815
26453
3113
26161
13431
2183
2162
11470
14276
17066
2746
16840
11205
2892
27151
12127
23363
24993
17261
25513
25573
12918
10288
16495
3637
17461
25665
11513
28131
21345
29777
9616
7311
3690
9004
15520
7267
18505
22077
1867
2415
2287
14086
8415
19665
8413
21271
24969
20773
27677
23997
26344
18617
4373
2046
25139
21716
17166
4988
25318
25168
29695
18657
8918
6188
18583
17820
14776
28915
7627
3975
8811
6077
25934
19224
26596
27827
128
7102
7517
12131
2335
28150
13308
10539
10560
27484
10712
25789
29969
12094
2075
27983
22579
12429
16362
6555
27516
6791
22631
9093
16492
16493
25229
18999
29614
28567
11172
24778
8749
8057
13387
29826
28083
22356
14759
16265
11654
5180
29435
8763
6456
3253
24280
3130
6875
13751
4845
8425
4115
15132
27775
25308
6088
22696
2760
8487
8623
29544
6412
3351
29755
6398
13527
12677
28634
15480
25058
1306
19479
8696
20884
21859
15652
22113
17948
23201
20419
17081
13996
20981
29054
15917
9363
5822
17736
27923
3319
21352
1702
25071
5758
7825
7578
23011
29349
11834
4582
13565
13895
13828
4611
1985
1437
20854
5928
22336
26201
6810
18253
9672
20306
21826
28584
1990
282
20674
25678
18006
15755
21967
1687
10496
17473
14822
22426
28563
3626
21047
27147
3042
18076
15745
1873
6432
28037
22507
20924
2186
5812
18394
14879
23206
15934
18459
14486
13432
17132
9553
10265
15150
24917
10611
20014
20171
18751
21014
16704
27510
12416
22124
7873
26564
21926
13119
12059
2839
3004
8278
6979
6679
12467
15578
27139
20067
18266
17878
5483
8714
24080
23288
27608
17322
27959
9978
21298
21051
20228
7010
16253
748
19052
13077
14338
12885
18869
15672
9862
7996
26517
16803
12497
9005
14551
17366
9913
15498
12251
28093
9286
29285
20693
7488
2094
20048
18487
8268
1808
25291
9563
11836
7184
3355
8314
29138
28767
14796
29006
13076
28021
11641
26463
26976
10724
10379
15622
20441
13915
12418
16846
20829
25187
264
8524
11277
19782
8553
19508
13046
23367
4676
12475
9854
8235
26064
21794
29845
21992
7451
8424
14464
18728
11302
12164
14343
18112
27974
1449
19338
797
7957
10035
6953
6872
21970
7869
23432
25241
29423
7879
3092
25093
23419
24222
3418
9727
3828
28979
13183
13248
7142
8426
4460
20518
16657
16958
28077
16797
15358
17375
13369
14587
28918
21788
5503
5936
2606
19851
2919
22220
10243
12151
29989
2457
5561
1131
11421
16031
22178
5806
4776
14647
18082
11395
19741
16717
13730
20045
4374
21609
22468
29451
17615
3687
29871
15294
12764
9864
13248
21426
3173
73
26638
752
1920
15974
14328
9930
6337
20731
3295
2155
1816
12061
26458
20906
8210
572
17047
24621
27502
12458
11603
10471
7674
6031
21442
25747
16454
29925
24374
22485
13681
28613
5479
19010
9597
7667
4634
6391
12530
16505
8093
19306
25113
27320
10953
23247
18586
17122
13544
2625
332
19457
6353
23604
28645
20054
5814
860
5198
551
20504
28727
12979
28859
2216
24971
27216
8743
13472
28084
16869
16502
11656
6329
15826
15865
10851
29836
24712
27619
17785
9042
4081
28732
22747
24748
10213
8312
13840
9963
7422
18819
11288
4260
945
27292
25127
7083
6412
22974
28578
11378
8943
1839
19763
9133
10625
24172
8129
28014
28579
20939
8789
25561
16352
958
3874
13274
27313
15141
2135
1861
9054
13369
26242
22614
18031
26301
22100
24380
12866
27761
7667
20002
26675
20243
13393
17660
12404
6050
13902
20888
5319
11828
18039
313
24475
26029
21930
24941
21101
11193
24975
13523
19860
16880
3831
24868
29088
11340
4384
29898
21820
29117
4812
3293
13975
11248
5333
21332
25013
9839
19116
10114
10091
2937
20661
8286
3105
9696
21782
7351
12217
28832
17797
21779
18415
14947
17001
3781
17880
8725
9952
9370
24515
5143
15636
18521
3190
26517
1100
26844
28327
15080
24948
13102
12779
25970
21999
7296
15597
20897
19254
27979
24797
18327
14279
28378
5474
25983
3491
20269
19969
11773
26986
28019
9893
29411
14587
7779
3494
8671
10836
26153
20043
10492
21874
2831
24132
2865
572
3651
5376
9030
17639
24004
20378
12865
8348
21376
2543
27878
17209
14004
5149
19113
9302
25920
714
16615
2052
27867
28982
1706
5446
25036
16339
1830
574
26806
8943
14186
15471
25297
6800
14849
17459
13483
22870
29876
8230
14937
5915
25244
14559
18673
23745
16586
26750
26640
2313
15246
10352
20409
14597
19960
18193
27474